0.0
0.0
0.0
0.0
0.0
0.0
0.0
0.0
0.0
0.0
0.0
0.0
0.0
0.0
0.0
0.0
0.0
0.0
0.0
0.0
0.0
0.0
0.0
0.0
0.0
0.0
0.0
0.0
0.0
0.0
0.0
0.0
0.0
0.0
0.0
0.0
0.0
0.0
0.0
0.0
0.0
0.0
0.0
0.0
0.0
0.0
0.0
0.0
0.0
0.0
0.0
0.0
0.0
0.0
0.0
0.0
0.0
0.0
0.0
0.0
0.0
0.0
0.0
0.0
0.0
0.0
0.0
0.0
0.0
0.0
0.0
40.0
40.41
40.82
41.22
41.63
42.04
42.45
42.86
43.27
43.67
44.08
44.49
44.9
45.31
45.71
46.12
46.53
46.94
47.35
47.76
48.16
48.57
48.98
49.39
49.8
50.2
50.61
51.02
51.43
51.84
52.24
52.65
53.06
53.47
53.88
54.29
54.69
55.1
55.51
55.92
56.33
56.73
57.14
57.55
57.96
58.37
58.78
59.18
59.59
60.0
3.0
2.4
1.8
1.2
0.6
0.0
2.76
5.52
8.28
11.03
13.79
16.55
19.31
22.07
24.83
27.59
30.34
33.1
35.86
38.62
41.38
44.14
46.9
49.66
52.41
55.17
57.93
60.69
63.45
66.21
68.97
71.72
74.48
77.24
80.0
80.0
80.0
80.0
80.0
80.0
80.0
80.0
80.0
80.0
80.0
80.0
80.0
80.0
80.0
80.0
80.0
80.0
80.0
80.0
80.0
80.0
80.0
80.0
80.0
80.0
76.84
73.68
70.53
67.37
64.21
61.05
57.89
54.74
51.58
48.42
45.26
42.11
38.95
35.79
32.63
29.47
26.32
23.16
20.0
0.0
0.0
0.0
0.0
0.0
0.0
0.0
0.0
0.0
0.0
0.0
5.0
5.27
5.55
5.82
6.09
6.36
6.64
6.91
7.18
7.45
7.73
8.0
7.67
7.33
7.0
6.67
6.33
6.0
5.67
5.33
5.0
4.67
4.33
4.0
3.67
3.33
3.0
2.67
2.33
2.0
0.0
0.0
0.0
0.0
0.0
0.0
0.0
0.0
0.0
0.0
0.0
0.0
0.0
0.0
0.0
0.0
0.0
0.0
0.0
0.0
0.0
0.0
0.0
0.0
0.0
0.0
0.0
0.0
0.0
0.0
0.0
0.0
0.0
0.0
0.0
0.0
0.0
0.0
0.0
0.0
0.0
0.0
0.0
0.0
0.0
0.0
0.0
0.0
0.0
0.0
0.0
0.0
0.0
0.0
0.0
0.0
0.0
0.0
0.0
0.0
0.0
0.0
0.0
0.0
0.0
0.0
0.0
0.0
0.0
0.0
0.0
0.0
0.0
0.0
0.0
0.0
0.0
0.0
0.0
0.0
0.0
0.0
0.0
0.0
0.0
0.0
0.0
0.0
0.0
0.0
0.0
0.0
0.0
0.0
0.0
0.0
0.0
0.0
0.0
0.0
0.0
0.0
0.0
0.0
0.0
0.0
0.0
0.0
0.0
0.0
0.0
0.0
0.0
0.0
0.0
0.0
0.0
0.0
